1205061970
4190566968
1233218688
21484492
4222598678
174290044
932019184
2051943846
1265405828
4124913286
3094781810
531934074
4108095412
2920526666
2794418750
420179028
1936748172
1299431296
1164017014
2881842928
4005447754
1459046278
2053964278
2448767918
1041102958
2367320948
308964766
1404759864
1008446952
817706822
3667980706
2815745008
3514694838
891132168
2947936478
2404850946
3833441008
937641614
2867082326
2073163066
3611178088
4174508142
3732695290
749858604
1533851382
2212550724
3379765606
3813115268
3667842420
2648144322
3772608282
530995434
3540591600
3020392182
889798234
129326924
3353940084
4176350974
1721465182
2045879280
145500722
3257702198
2147617002
363148374
2007746190
3250514920
3637475830
4033618634
1537369930
3876556512
2010598436
1204887394
2358230210
3160993930
2546443070
2873974186
2027024494
3732654036
3617728120
757738056
2024271430
4053872524
2399711982
1585505566
1403331710
1916738110
117361754
3850135796
3710362208
2444302540
262172
1989101522
3836338314
2524971122
3661438798
2460459158
1198913488
508025518
2379800092
3546937122
4171441932
3555353760
2103217942
1667950200
1680718726
3036126862
3553486568
754220348
1251908508
45878638
3288644064
2130315624
64528018
3110056488
3142414196
1579724274
453637922
4105532250
3423024494
1458676688
4202244730
78935902
1788923666
1224488736
1731040606
3247996698
3611652988
693663184
631487216
2488702160
4175083934
3337727698
1293788404
3125833910
1676525230
1242543816
1803260408
3710156482
191655736
1010268254
1566459868
1206466350
2620617852
2655690370
755756902
3921122512
4107849578
1589505496
635530636
3206454330
1893528646
3587343030
2241993322
3126742262
1875708264
4220646766
1775104948
1025462052
2812319374
1978178100
4184785678
229104782
3326270392
1030970324
307447768
3566344312
3789768582
2883403178
1954364564
2651923972
3654025224
1895324
487088922
3489664628
3876557592
1854898578
3718591612
3444009952
3743823022
3822830616
4052447032
1013513450
3457948996
1835175438
4050816316
788409240
248351586
1955403960
1656324568
3237375900
3116623046
463715062
1240291212
2409993788
3181663880
2478974144
1538587932
3727622844
3581465056
1573865426
3836333504
2742259534
1236070892
2507123550
3213282758
3168047384
2230755098
504440324
3718745302
2494977176
3345661078
3785641398
3457992356
3791154564
3380463868
1847436658
3195441060
3407813516
1397185718
910128308
1895421752
1045195102
3181261650
3856705166
2367656730
736319262
2067653672
2288287206
3813139046
3048372268
689883386
140724982
1440958438
2926633194
325784674
729443944
1990976466
3283057468
2374623484
1301320570
4235139832
2338624474
1464713694
3764711136
3979058150
3027664364
2052724660
2945652830
2046416696
943360436
3306536402
1774445522
2851730420
326102598
3772873980
796606234
3063014100
2929070822
1884671260
3581465072
3336506778
3351874602
435271376
400478162
2225556624
4266420572
1610629120
2190247364
1342193990
561065844
4227362012
999076442
2209119120
4179133296
1844944666
504217068
4085763908
3769582094
1858326000
2949686394
2449083884
3203040190
1198106688
3096939976
1975003336
774238562
1638463266
4060931442
421480296
3558915534
2374179704
2629875550
3410925142
1705446822
3813615646
947739382
3270958048
2045721884
3545268962
708036248
741673882
3242607330
793006822
1555008860
1048923598
3451958906
3616887600
2068474104
428301276
1205746606
2869283920
1177516456
2434337264
3586592136
2776393968
3457921500
497530206
1265554160
2738343898
3206199546
2606144222
2750292674
3512698572
3820828982
1903301600
3734429094
3368295302
3034973464
2244257998
2778941310
2456716790
2666849498
3318513074
666697018
2053022618
4091166358
1461975658
667334222
3285342132
1397196532
2655514232
3447184204
2469520214
2394570402
1283225276
2725819464
2673045446
1200049808
3515598226
383676536
3784835088
3791420
220929854
1510080526
994542410
1676138112
1802809454
75360198
1206070022
3120018300
3580911054
71118992
3319870214
3135100852
1332395112
2083937844
3644667520
1472002256
4254866852
3176681902
1790732528
565821968
1736582102
2649155656
2261034932
2935053186
2000167400
3271210472
1154461828
2608482556
3621937104
3715317158
3454940552
3941733358
561197536
4103458290
3661371990
524203014
3715783936
4226525078
3458147194
2814158556
1054073670
3956983628
3832921804
1528599034
1304359100
2295898602
155009636
2001039244
1385978116
1528626490
1639375284
2059146668
3904301386
3999499336
3233180508
1207060888
1027755850
2204756880
2246914276
3116267150
2782981878
2749429552
4192304374
1339981432
3548841808
2606277540
1787789094
410057324
2960626576
1334668676
3277730940
4029408070
2987162860
2399573390
3484221934
1586970748
880419682
1159467422
4091181790
2404244860
3549358174
246379708
1895358004
3856877436
2546160090
3215160808
2053964228
3268117498
3687652790
3953629696
4134509986
4193370312
2108350684
2651836236
3491719510
1952152000
3191109684
1446935912
131922812
4216711584
2960606816
2097378
1138434488
1855734
1681370586
3190903698
792229726
3196183676
3581581702
3942820514
533131694
2849150876
501570662
4024684984
2088484018
501676202
2113170510
2212722230
3283409532
2791438238
3320690896
4000988830
928758902
2947446598
3839428918
3753532016
1885196102
3924077004
4171361680
1876786594
723800146
2747861332
3739810036
870533026
4109522172
1169312224
2492750776
521813820
3413063804
2119573180
3555608538
440136980
3285693614
927123316
4122419084
2922915308
3362779610
2077061936
602450152
2101140016
3198920068
1601312562
2385906742
2081450726
2265193064
3758717378
2615634172
3450556328
3690165436
1894884330
856677116
539356560
1871306108
3118275934
1313415366
2720117032
4232072154
2430538682
2124060362
2794853112
931995278
3553186802
1802938338
61578254
3042870138
3797338022
2271122290
1595555382
3109521256
4206286072
1760971004
465997714
3348882090
4054053848
3069413326
3848399834
1050401284
4174506774
3698764766
3385321526
3714973710
584656112
1959569346
3115901078
3676422022
1913447858
1441899258
4098188258
3135811496
3690046448
3169050756
1870249590
1321088866
3158003668
3622622062
2453547332
3676320710
731103728
3521238478
64663310
2762891264
536904388
2800216040
2513948442
3963224070
2282427702
2678039726
1597796192
3943945076
975428174
3042849918
1292916286
460090334
1025462070
1177488648
1198232964
1936719952
1492858140
3619911888
4201469418
3473614134
1155250294
1332395112
2090366002
2515590598
856642846
1916777106
3040794578
276160106
921286774
1332344802
2076229918
3163417528
1656026846
3786806878
1811047766
2722745842
4218406542
3619000098
1384705972
2928650130
1406186246
3107046566
3048072006
4096421500
2761283410
3179765590
1586005416
2675166548
2288118686
2254763934
550390958
2620939130
2334684826
1867967554
2300985980
3833455634
314803430
47913390
1001246066
3709611250
4206227852
3713820018
3195441104
1423768210
732866294
247281478
2874302952
2515046308
3928302580
2608613762
3686202946
1864782520
3745204070
1399641832
3728078626
4254860442
3283398564
630098170
909369784
3398133692
401136226
2855849330
1264929176
1711277056
242365920
1975766558
2664653568
59440356
904116344
3788983694
3716009778
2209920922
644082906
789870034
2985987520
1534706594
635731062
2193548414
1307537272
257052732
1892545460
1041966858
2027766308
2837412336
3521881798
4206553056
1765714910
2721330318
3813124186
2448250698
2879314932
1870363584
2076725792
3731943846
704198210
653779378
945274104
1760594810
2576256934
3377714562
1930712656
2209311720
3030007350
1836382550
2100336102
2275784472
788780342
2926279568
4197757916
2602276268
807198526
3069773422
1313420732
4249262920
4038377816
1556576748
2479321330
3283000094
2914582076
2364920314
2420706320
4234735792
1535614010
2868526058
331574966
2914566542
3292701446
4223193566
2881992990
2272556958
3196355200
3743070696
3635468136
4174506156
336227898
2868367672
872752950
327387876
2017383070
2019433916
472822998
2079967446
3346068358
2929401802
3064914730
4157697764
1012551230
499371550
2456693356
3925161722
278302530
2235069816
3767792172
3374788608
268456070
734254910
2320660356
2147504262
734254908
1693387306
3144544376
3662890932
4226840398
3170678082
1546345450
1808864062
2211918830
3840144538
3419283300
321952316
3833401610
2839488200
618594030
2475504742
1949102260
1668723168
3729659662
2927203260
341244210
1579071974
662196726
891137926
2078809670
3981955508
1666471660
3391002456
947767548
3152075616
2548357326
2128903378
1752603352
515624476
635529640
3811709934
603614350
3700398346
2243674598
2266167406
3361427742
3215706922
489640416
3031194818
879163866
989346726
3716044728
944020442
880581408
2474372414
440208176
999496738
1868980532
863828726
3237717380
2556351860
3278752506
3372109336
191200578
624798456
2573082296
4079450192
4153820918
3980276858
187725606
514692204
590387762
3190461688
1761275778
3066191730
528047262
3080470084
3643079568
4207111626
2112681178
290004934
2027406536
3404789198
2570830476
658851730
2269328056
3221258242
3479889166
2877165474
3676963696
2275148256
3709420
2924541294
3303077978
2499917958
3456169844
4226970106
3372109200
1237186618
3552879742
231101498
3122917252
1997992916
3246084042
2737654166
1314936252
2101796954
2515359684
783175924
3083139436
3272630652
4135432104
3377161040
836978318
3181254164
1626252016
1549005218
2749288394
3055059526
3906509864
161733774
3813013442
1766937206
1601912246
466480782
3367389496
3745203534
3853916290
2247603176
3687475448
3066237000
2098535908
934208276
3555833552
390959864
927384800
2689408488
3160153940
3915460420
3720927156
2942236396
318413988
904536298
3984083538
4184450220
3072057584
3036460738
2284973638
4124861886
195361938
3121534774
3807823714
3708509082
1941578574
2621132684
2403519516
3838301614
3157247068
2924541294
3304443604
3980215324
3182386524
1358262210
693095244
2461383402
1921493886
190025888
1991621354
1921493886
3292684130
2736251634
1489303330
4082945884
2924541294
3944201432
2147483648
