e 622 001
  1015 111
s 346 0101
o 354 0110
i 387 0111
t 390 1000
n 393 1001
a 422 1011
c 146 00001
u 154 00010
d 159 00011
l 177 01001
h 264 11010
r 277 11011
y 96 101000
m 102 101001
f 103 101010
g 110 110000
p 120 110010
 31 0000000

 31 0000001
k 38 0100000
b 43 0100010
, 53 1010110
v 54 1010111
w 58 1100011
. 60 1100110
z 21 01000011
C 24 01000111
" 26 11000100
T 30 11001110
j 8 000001001
M 9 000001010
H 9 000001011
W 9 000001101
D 9 000001110
I 10 010000101
' 11 010001100
S 15 110011110
: 4 0000011000
x 5 0000011001
) 5 0000011110
( 5 0000011111
P 5 0100001000
B 5 0100001001
q 6 0100011011
A 7 1100010101
- 7 1100010110
L 8 1100111110
F 8 1100111111
Z 2 00000100000
Y 2 00000100001
V 3 01000110101
J 3 11000101000
N 4 11000101111
R 1 000001000100
K 1 000001000101
X 1 000001000110
U 1 000001000111
0 1 010001101000
E 2 110001010010
; 2 110001010011
3 1 0100011010010
1 1 0100011010011
7 1 1100010111000
6 1 1100010111001
9 1 1100010111010
8 1 1100010111011
