1205061971
4086166641
637907456
171875951
3137069409
1282314125
3814652989
655807307
1821345259
3126660833
3665676541
2774261581
3371914690
1986619811
3700395141
3056235376
1854708455
2130777477
4124925483
2005855204
2225790696
4041120576
2110323357
3611168248
1863988454
3897141686
2057164665
3284253406
2249697000
4138220648
3555356152
3514694838
1782264338
3201811324
2058938398
1205513990
4234727914
3104642493
3371867607
1043622385
2749423481
4054051173
2407097782
3413078140
453554780
3361337763
3267549854
3581229998
4085744501
3160997170
3344773266
1058439408
3737993807
2525223599
2798119184
1978784797
4254756325
2077199647
2156577443
944083686
3758129722
2329057835
2007746191
2206062547
1665001439
2204178005
3123082428
3790724125
4124248355
3901731212
2411512696
3521189471
512556378
1793939341
520551375
2029696488
2308839061
354711719
3997688642
1595554850
3418027015
687159890
1206798307
1203879859
385007156
2061313954
1629708849
2550140928
1941207614
2655690248
2999975950
1989101523
3377713227
1198913488
1016051038
929265782
2605693215
2318561498
2102170655
1461962161
3044228196
767264617
4013760335
932946279
2750014633
3921264727
2175660289
779632509
78906328
2660463295
1683156277
3184718149
1871818911
1916704430
1802699213
1537964241
3908729130
2047437038
3182068540
1246224825
108190037
4164095971
1976655071
346831592
631487217
682437027
3815433854
932017812
3520745303
1242437336
4218399653
131818603
2073164218
1224573997
2981945825
3150116309
3833448701
652601100
3709816613
1329671435
4016558959
698602339
1034614255
1858231830
3638027219
2270967613
300607809
1535484442
1802812569
3988730917
2816249771
1989992251
1201924580
2850563491
3136572698
4184785678
458209567
420179681
3952795297
624197018
2453868344
2027020757
4003386740
2101122364
575408999
805314560
3881624016
2251405824
30325187
3838195527
3234454949
880646798
3619912856
3535740638
550443190
4085746975
2641594119
1362538823
133264013
1012792407
809186861
2342807749
3324745757
2552155635
2926639409
2379341179
1240291213
525020282
4136720932
2651923973
3142570459
3319814069
1580496942
3886279140
2848833862
3877543206
3016209579
2103114744
1826387866
2451775805
2814807816
2466438567
2362911084
2838699434
4066315554
1841095116
1784430349
2964479858
1060572882
3116267151
2778086967
424484210
3652320165
2802818419
2278133035
4016540884
4075836231
2367656730
1472638525
3975647396
1126428478
880682614
3058632074
1202863748
832928597
3813140316
3787576397
2891024731
3547547498
3191683189
4016546658
2017404616
1237187695
452531913
666197303
125764391
1997460153
3195440847
3181287045
3981953420
796522967
946894099
1796495095
1263410974
2594152255
1114504648
4164443967
398303117
3063014101
1563174349
3243717750
2881916812
1844500920
4180772166
2087564299
4016564612
2806813180
2563946880
16778260
1680745728
68445230
636403454
456596934
1496155052
2073162289
115455966
2087252077
4017043580
4099675624
1104916723
2086135890
1032976909
3984446727
2099095201
96779374
1197179532
2244263468
1483357640
4177949369
421480297
2822863774
906784228
3859135228
3035194732
3034690808
3553232796
1051556802
4141605107
3732552525
1108052305
2654257859
1354348584
3361491921
347713111
3333308037
1305451393
1828150869
1287903827
1203869813
3184065479
1978319219
337844156
3566278921
4054552091
311816611
3329285518
3789192021
3916290654
684585974
3750583421
2606144223
1205618055
1165892407
501860791
388054555
3537614066
822534618
1929546885
3299397451
1183776329
3122126071
2804341852
3353027831
2678546071
2833709549
525031203
4201271181
1822363465
1590860348
933880958
3885608699
1772407928
3586612511
1363967094
3175412072
2457685439
440154740
2367208537
584830479
946208772
1895710
220929854
3020161052
3978169643
524203014
3075147488
2411526353
4174037468
4225351381
1885195784
2053186327
2227969494
4005405942
2881916806
3418797647
1302342622
2087255452
497384112
2740824817
2747338190
277248034
1030995165
153202985
3981932717
3245815841
3917870443
3507699394
349950535
3984467453
464414644
4084960610
1970866679
561197537
3911949287
1760586072
4193624125
3617968159
2104816371
2278088403
3730009662
3554887639
3046022033
3606786776
3834631387
4010529051
339558991
1352219554
3083227804
1493481017
4202006235
2262029792
2909703022
2495466608
2301635994
3609458980
3426566735
1258738647
571978947
2513302452
2052984559
1954291430
1048076093
2817474364
3548841809
917587785
2856189080
3280458603
125384969
4054692016
3616350072
368157618
209513758
220929854
3020405492
3120816967
2721458339
2184445174
2662844326
4005483406
3898482014
3917071331
2027368218
1005157429
498594926
3172899648
1902208449
4259040541
3084341044
64601718
2412744198
1205513741
3552705001
3020413525
3123559648
3191109684
2893871824
527691255
3668921611
125068800
67116112
4140330496
237534052
934140796
1655121084
3789389300
254012759
2845343072
1431586801
3161183465
1271799269
1550311367
2742153710
4073254711
3310870342
3304094830
3337678134
2673029371
3485855160
3520918653
1021144817
3715986362
1045270675
2079804238
471299025
4109522150
4171361680
3753573188
2895200589
508054189
4002385734
2087253117
1016413986
3643076756
2489038910
880704301
3168924658
2968907070
3833439047
2124591349
3979058081
1673196983
529357936
1272652223
3345735275
2575449738
2391779227
1177529065
1630517515
2576233996
922230997
3457945705
2801814478
431912591
3652545013
922541359
947442165
856677116
1078713121
3190257141
3471370996
3834776692
1144399167
269678280
1871306110
2593573709
740683998
880426654
1251972791
1786650741
1937894743
2698965291
1674807134
2473770548
2087642462
497538486
2814807908
2411952337
4067550968
2868433401
3971412871
3486172119
3036311400
398888792
3183962813
4181261574
4149968899
2439811704
1959569347
1936834863
1820786203
2422680981
1595551678
2293005422
3123440237
4174510268
3823142110
4085050682
4175269345
3665735038
3442930247
3307779784
217159113
3774403041
3587049397
1579061945
2147549188
371879550
2123545337
3816492672
29623690
2610929572
2931718366
3282849613
3520143058
2069226311
3919710919
3336248055
2660214683
1177488648
2396465929
3451912514
3352930541
2084015391
1303035251
3267972514
1843149647
1790732537
820536919
3279362456
2057893667
4213782183
3673834525
2006621044
3694874473
4158846849
2185163319
2934117799
3070106465
1710063180
2867368563
2097002467
1205319055
581243359
1790590622
1251902872
999496778
1991621736
4245330847
1380641705
3179765590
3172010834
2110731604
1125080312
1716484580
432641511
236379845
2486914415
1458324242
1283783569
4153428118
472330285
2979719029
3115218759
188546394
4173782364
1702067437
530666355
3930676597
934341587
1953851980
1025866275
3916763793
4204493897
2209836540
2243729738
3875134011
892783982
2613493476
2137456934
3789182930
630098170
1818739571
707632880
3209089818
2743916329
1823027993
2147549191
958066805
3285065533
2797993998
737382831
499371549
1960377263
3118883054
770085681
4134350612
1976787957
461467111
243871523
3820497902
1206500845
4010005652
255354617
3661503271
183614084
1252294119
3331284278
1068215934
220714363
3901558051
4054045741
2448250699
1463662569
3186487043
3728904461
3876526693
1059506249
3187174556
736001128
4035672883
488591141
1331039128
2729609274
4139685523
1204214621
1045806744
1257473957
3071827463
2859383213
3997684133
2666115513
1522926491
3891117633
2611422362
3741140635
1239509378
2977111527
3030268807
2621106609
4122419143
2738713726
3357836808
4234735792
3071228022
2884169640
2652599738
3683391736
2287231230
3996415957
3822882695
1953996669
151323516
1793566405
2260422541
512410241
1304914621
4098759170
2476413827
2330259581
2772296056
1995497845
2797059996
2373512734
1894491847
4074461041
2516046190
3833115804
2088177464
2090037587
1855935343
2719142376
1632509278
1883896086
3374788608
536912140
2937019644
1385413672
329829
2021320601
1002605277
3069721818
1397208567
3773734643
4074048225
1524586173
288616570
3867015480
4247184871
263328560
2587740410
571909372
2602641143
4151916755
1181648286
379116972
2020550411
2276358547
3156782578
1702394599
2570830479
3008486136
1870463944
4216714349
833235830
3391002456
1895535098
4018367876
3206989431
3997682989
248732423
2935195410
4038382819
840166983
4107870066
1046752301
3725539441
797374731
1780740074
4073361047
2834347180
1556244685
4088720352
4003392498
3183707209
3181809555
1680137979
1334648453
2554041116
585026754
1758327787
3725057324
696642903
1483585887
1916769158
95600289
624798457
851197299
3432898887
3165796286
3554887585
1712252103
2875530001
2555189694
714406097
4125034203
159238395
3404004217
3286522660
2675064496
3681730294
2053968201
533131695
2308123587
3611085278
341996628
2033248358
1462763552
15185266
2276163087
2746635270
3793645575
2147599567
1793396566
4170981131
1698721313
3875568570
4226970107
2449251105
653779182
2653234160
3697623991
1149104285
3317495136
3181897123
759797404
3232463349
461466799
1790845674
3842987768
2670571716
408910654
3621046603
1666212806
2367616632
1481836405
394642751
439647193
4184704544
2448714830
336176092
2412153839
2242200905
3673938413
2981945064
4179020071
936300883
4074441793
2247603177
3079983602
3675013411
3903385379
2062430554
2117523973
3546594843
2741137568
1293805944
3091114917
2226984686
1186835189
4017013343
1402244474
2285565628
623507817
2762829367
3252868082
3675013519
1916755398
1541502111
2456716213
3455155043
2984053595
2598859846
2658200894
880416352
3997990234
4152752267
2878618971
3799705450
3980215325
2069805753
1138081545
1249794665
727428782
1358262210
3571722299
1524462962
2276163464
2227095180
1602996934
666443573
3438663114
514718405
4013318144
